1500
1500
1500
1500
1500
1650
1800
1900
2000
2050
2075
2100
2125
2150
2175
2200
2250
2100
1900
1700
1625
1625
1937
2875
4250
3000
2000
3000
4250
3500
2875
3500
4125
4050
4000
3950
3900
3850
3800
3750
3700
3650
3600
3550
3500
3500
3500
3500
3500
3500
3500
3500
3500
3500
3500
3500
3500
3500
3500
3500
3500
3500
3500
3500
3500
3500
3500
3500
3500
3500
3500
3500
3500
3500
3500
3500
3500
3500
3500
3500
3500
3500
3500
3500
3500
3500
3500
3500
3500
3500
3500
3500
3500
3500
3500
3500
3500
3500
3500
3500
3500
